0 0.2567302023973276 0.37794258549528303 0.06445274120652388 0.0761387087264151
0 0.3820986441344076 0.3383033608490566 0.062094714089212036 0.09105247641509434
0 0.5212222440558067 0.3693082989386792 0.06838278640204362 0.08712780070754718
0 0.672135979563765 0.3748028449292453 0.06366673216741994 0.09026754127358491
0 0.7841422676360779 0.38225972877358494 0.07545686775397917 0.08477299528301888
0 0.8096875614069562 0.476451945754717 0.06995480448025153 0.08948260613207548
0 0.6560227942621342 0.47841428360849053 0.07231283159756338 0.08869767099056605
0 0.5263313028099824 0.4583984375 0.07231283159756338 0.08006338443396227
0 0.38995873452544705 0.46153817806603775 0.06366673216741994 0.083203125
0 0.26498329730791903 0.47605947818396227 0.06838278640204362 0.08712780070754718
0 0.18127333464334844 0.43445791568396225 0.05973668697190019 0.07927844929245284
