0 0.18583776595744683 0.4543384308510639 0.062333776595744704 0.08477393617021275
0 0.2668716755319149 0.48467420212765955 0.06648936170212769 0.07563164893617022
0 0.36868351063829785 0.4555851063829787 0.06565824468085113 0.08560505319148932
0 0.4808843085106383 0.4697140957446809 0.07729388297872344 0.09059175531914895
0 0.6109541223404256 0.4547539893617021 0.07313829787234036 0.08228058510638299
0 0.7214926861702127 0.47470079787234043 0.078125 0.07895611702127661
0 0.8291223404255319 0.46015625 0.07396941489361701 0.08311170212765955
0 0.8066821808510639 0.35875997340425536 0.060671542553191495 0.07147606382978725
0 0.7210771276595744 0.34213763297872346 0.062333776595744614 0.08311170212765957
0 0.63671875 0.32676196808510644 0.07978723404255321 0.08726728723404256
0 0.508311170212766 0.3068151595744681 0.07895611702127665 0.09059175531914894
0 0.3836436170212766 0.33341090425531916 0.0723071808510638 0.0806183510638298
0 0.2627160904255319 0.3446309840425532 0.06316489361702127 0.06815159574468084
0 0.18168218085106383 0.35460438829787233 0.06898271276595742 0.078125
