0 0.5806201550387596 0.43656514765872884 0.13720930232558134 0.1748326418186256
0 0.7651162790697674 0.4268952006554863 0.1294573643410854 0.15239836477110286
0 0.8868217054263565 0.3874418168822566 0.13875968992248067 0.15085117325058403
0 0.6779069767441861 0.3363844967051358 0.14418604651162786 0.1570399393326593
0 0.46821705426356586 0.3429600606673408 0.12945736434108535 0.15317196053136223
0 0.4220930232558139 0.4663485844287159 0.13953488372093023 0.15394555629162163
0 0.25116279069767444 0.4810469038736446 0.13720930232558143 0.16632308845577215
0 0.0941860465116279 0.48298089327429317 0.1441860465116279 0.18102140790070081
0 0.2996124031007752 0.3143370175377428 0.11627906976744187 0.15471915205188108
0 0.1748062015503876 0.302346283253722 0.1488372093023256 0.1477567902095464
