0 0.8133680555555556 0.6332465277777779 0.13107638888888887 0.1362847222222223
0 0.8823784722222221 0.4448784722222222 0.09201388888888887 0.10677083333333333
0 0.7747395833333335 0.3680555555555556 0.08680555555555544 0.0920138888888889
0 0.7161458333333333 0.2847222222222222 0.07204861111111115 0.0815972222222222
0 0.6002604166666667 0.2868923611111111 0.06944444444444443 0.08420138888888887
0 0.4765625 0.28125 0.06684027777777786 0.07986111111111109
0 0.36892361111111116 0.27951388888888895 0.08072916666666666 0.08506944444444443
0 0.3038194444444445 0.32248263888888895 0.07204861111111108 0.07899305555555552
0 0.23871527777777782 0.3641493055555556 0.07552083333333329 0.0842013888888889
0 0.1684027777777778 0.4071180555555555 0.11024305555555558 0.0920138888888889
0 0.12282986111111113 0.4908854166666668 0.13194444444444448 0.09809027777777779
0 0.2165798611111111 0.5833333333333334 0.10763888888888892 0.11805555555555558
0 0.3628472222222223 0.7317708333333334 0.20052083333333334 0.13368055555555558
0 0.6627604166666667 0.18489583333333334 0.05555555555555565 0.060763888888888895
0 0.9001736111111113 0.18272569444444448 0.0546875 0.058159722222222224
0 0.8693576388888891 0.15104166666666669 0.04513888888888886 0.04340277777777779
0 0.78515625 0.17534722222222224 0.0625 0.06250000000000001
0 0.607204861111111 0.1501736111111111 0.046875 0.045138888888888895
0 0.7261284722222223 0.1423611111111111 0.04166666666666686 0.03298611111111112
