0 0.7550607287449393 0.6162521688837479 0.11798727588201263 0.13533834586466162
0 0.5948525159051476 0.5908039329091961 0.1075766338924233 0.12839791787160207
0 0.4398496240601504 0.5775014459224985 0.10526315789473668 0.15268941584731055
0 0.25824175824175827 0.5722961249277039 0.11683053788316951 0.1330248698669752
0 0.8192596876807403 0.2998843262001157 0.10294968189705025 0.11798727588201272
0 0.6671486408328515 0.3224407171775593 0.11798727588201263 0.14227877385772125
0 0.52834008097166 0.30913823019086173 0.11336032388663975 0.14112203585887795
0 0.36928860613071146 0.3114517061885483 0.12608444187391551 0.13880855986119142
0 0.2391555812608445 0.32417582417582425 0.09716599190283398 0.14343551185656458
0 0.12116830537883172 0.31434355118565643 0.10873337189126661 0.13765182186234817
