0 0.7349537037037038 0.5169487847222222 0.1697530864197529 0.1910590277777778
0 0.8649691358024691 0.30855577256944444 0.1875 0.22572699652777772
0 0.7183641975308642 0.34476453993055556 0.127314814814815 0.1486870659722222
0 0.6319444444444444 0.29468858506944445 0.11496913580246908 0.1332790798611111
0 0.5354938271604939 0.3640245225694444 0.11651234567901239 0.13173828124999998
0 0.5543981481481481 0.5416015625 0.15123456790123463 0.194140625
0 0.39313271604938277 0.5308159722222221 0.1728395061728395 0.22495659722222222
0 0.2476851851851852 0.3532389322916667 0.1334876543209877 0.16871744791666662
0 0.36844135802469136 0.30200737847222225 0.11882716049382717 0.16024305555555557
0 0.46604938271604945 0.3116373697916666 0.09182098765432095 0.12865668402777775
