0 0.5538460180428297 0.5538996399036845 0.0767967798315767 0.10759788013305671
0 0.3984870151651572 0.5574274392523094 0.08915488233320978 0.12170907752755597
0 0.645649065197818 0.40705499201717676 0.08738943911869074 0.11024372964452533
0 0.47881468142577194 0.41763839006305126 0.09268576876224775 0.11729932834177492
0 0.3035944423847607 0.41631546530731695 0.09356849036950725 0.11288957915599389
0 0.8570608901364688 0.29945711188412016 0.09003760394046931 0.10671593029590047
0 0.7440725244072525 0.21611285227285898 0.08650671751143134 0.11818127817893113
0 0.6068093144783997 0.23948452295749836 0.08209310947513372 0.1137715289931501
0 0.44880214677894886 0.20376555455267215 0.08385855268965266 0.10759788013305671
0 0.2819677630069029 0.22581430048157722 0.0891548823332097 0.11641737850461872
0 0.1438218314707908 0.27564446628090267 0.09180304715498824 0.10318813094727566
