0 0.7685399513145933 0.49709356398809523 0.07081290206978541 0.09881882440476186
0 0.6681249344451438 0.5186011904761905 0.08358244178728766 0.09765625
0 0.5566816787287602 0.440127418154762 0.08126070729319632 0.1011439732142857
0 0.44407755576533103 0.5918433779761905 0.08822591077547025 0.1185825892857143
0 0.2931648136493951 0.5063941592261905 0.07661723830501362 0.11044456845238093
0 0.42608411343612324 0.42908296130952384 0.08242157454024193 0.10463169642857144
0 0.32392779569610514 0.34770275297619047 0.07313463656387664 0.08370535714285715
0 0.26182139797916226 0.26690383184523814 0.08590417628137889 0.10811941964285716
0 0.3941602641423676 0.22621372767857145 0.07893897279910497 0.08486793154761901
0 0.5195339268232991 0.21749441964285715 0.07661723830501373 0.09998139880952384
0 0.6251728463044541 0.24946521577380953 0.0650085658345571 0.0941685267857143
0 0.7058531199741277 0.3401460193452381 0.08474330903433328 0.0941685267857143
0 0.6298163152926369 0.3819986979166667 0.07661723830501373 0.10346912202380953
