0 0.8638857886904763 0.5139222965906715 0.046502976190476164 0.043313811615422165
0 0.7832806299603174 0.5201099839643032 0.03720238095238093 0.054142264519277686
0 0.7208891369047619 0.5429270811545702 0.04262772817460314 0.04872803806734992
0 0.6798115079365079 0.5232038276511191 0.045727926587301626 0.05259534267586976
0 0.6309833829365079 0.548341307606498 0.03797743055555558 0.04872803806734992
0 0.5631665426587302 0.525524210416231 0.046502976190476164 0.049501498989053885
0 0.5007750496031746 0.5197232535034513 0.04727802579365081 0.05182188175416581
0 0.41396949404761896 0.5386730460851984 0.04727802579365081 0.04640765530223805
0 0.3434399801587301 0.5170161402774873 0.048828124999999944 0.05414226451927774
0 0.29499937996031744 0.5351924719375305 0.048053075396825407 0.05491572544098169
0 0.21168154761904762 0.5344190110158266 0.04727802579365081 0.05955649097120543
