0 0.9254629629629629 0.7032407407407408 0.12962962962962968 0.10092592592592589
0 0.938425925925926 0.5222222222222223 0.09074074074074077 0.09444444444444454
0 0.8967592592592591 0.34675925925925927 0.08333333333333323 0.09351851851851847
0 0.7662037037037036 0.22685185185185186 0.08333333333333334 0.09629629629629631
0 0.5925925925925927 0.17777777777777778 0.07129629629629633 0.09074074074074075
0 0.46759259259259267 0.17592592592592596 0.07129629629629633 0.0888888888888889
0 0.3217592592592592 0.16990740740740742 0.07777777777777778 0.09537037037037038
0 0.18564814814814812 0.2310185185185185 0.08333333333333334 0.10092592592592595
0 0.08564814814814814 0.35138888888888886 0.0925925925925926 0.112037037037037
0 0.07870370370370369 0.5555555555555556 0.1287037037037037 0.10000000000000012
0 0.29953703703703705 0.6731481481481482 0.112962962962963 0.09814814814814822
