0 0.0858352266580115 0.27348233708229197 0.07573298712539218 0.07843596686105712
0 0.21160608027696637 0.28294874687586785 0.06491398896462189 0.07843596686105712
0 0.3245293735800065 0.2910628124132185 0.06085686465433299 0.07302658983615665
0 0.4317050741101374 0.28937238209293714 0.054771178188899684 0.07775979473294456
0 0.5405712431028886 0.2859915214523744 0.054771178188899684 0.0737027619642692
0 0.6301660716217679 0.30729094348792 0.04868549172346644 0.07708362260483198
0 0.7468083955425728 0.3015434803989633 0.054771178188899684 0.07775979473294456
0 0.8729173428540518 0.31303840657687676 0.06220923942442933 0.08046448324539479
0 0.7951557935735151 0.4181831724983801 0.07843773666558476 0.07843596686105712
0 0.6795277507302824 0.41209762334536704 0.05815211511414038 0.07978831111728224
0 0.5601806772692849 0.4195355167546052 0.05882830249918851 0.08790237665463296
0 0.45030022719896134 0.4141261397297047 0.06220923942442933 0.08114065537350737
0 0.32824840419777124 0.4168308282421549 0.06964730065995892 0.07708362260483198
0 0.21431082981715893 0.41885934462649266 0.06761873850481447 0.07978831111728224
